11980089
8493428
11924351
5692598
8988500
14067078
11347702
10195986
6828355
4637980
10627047
10823744
1334556
15136396
4741157
7726176
5412212
1756510
4265283
2359642
9410074
15044850
2590295
1213991
8045066
7412532
13626794
3239779
7145811
4393921
12502713
3529397
3392521
12449464
15913026
291785
1460425
6027618
871760
7984903
6450457
11334229
9161376
8980400
15662030
1145166
14797518
1493163
15067363
1027395
12867336
7655123
2753133
7122768
16564004
14149277
977669
4646969
3880477
11510394
531146
15097344
14060301
7254436
13615147
10606785
14898671
8791236
12247244
9005994
2725440
8162625
9159813
6048024
11025386
14535195
12660719
5001801
15031189
15306675
4352272
16475148
5053088
12923926
10129056
3040446
6133718
16403758
15665397
7278015
11624423
5723799
5396985
14183673
2569070
7493562
7821185
6839227
3677004
13479290
10283069
2256951
8309433
1200854
11413201
10821706
7413848
3131024
9095143
5267464
11596860
3592041
10464999
2788974
4275097
7639360
10920120
16066620
3837796
3320326
11490337
14269817
14693623
11420310
3345298
16573308
6259244
4610837
6239181
12600481
5352779
13511178
9368959
12323228
1857350
13733356
10843364
13453452
2304180
2134219
4510151
1713258
5319190
6515041
6980232
2893350
10341030
9808610
1506923
4391194
6961465
12466664
7335282
747470
14117939
3129061
8146394
16477700
12735440
16556737
3389649
6611754
5032067
10090149
6989903
5529040
6627649
598340
9522900
5685156
4816639
3590273
12658340
6341327
15662792
8553180
12468317
9221856
9346593
5019333
15788024
13213347
13097329
5436343
609045
12788289
3886453
1114067
5124875
170977
16647883
7307707
1828968
7756214
4784302
9660258
5387176
7082203
12036629
9786567
647052
11831788
11755882
5471915
10802163
5080132
4370182
13791959
1506360
8943914
9162885
7536317
15716615
14923209
7393040
10071043
7021336
7123934
1639302
943575
12335533
181863
4485438
2899967
2262176
3164983
8443429
3495428
6686100
5662087
6455411
12710928
13543008
16298429
5303126
6435028
14967523
14999982
6721353
13346323
9265773
5067608
8924389
2079089
9746305
5022931
9686087
15396502
13030399
10045351
15440922
10544098
5513968
16121367
1336495
3873177
8286171
6156065
11155801
15238600
7048467
1385474
7470998
7381755
8928943
14707933
7474249
12343908
6487485
12325879
12646033
3045670
5199602
5095543
10717552
7649575
8001648
12541190
6741159
10456575
15747944
4572415
4896203
3308453
14755596
10223055
4833220
2077610
4147944
2657109
1997906
8314161
14818799
5719699
14703734
3303469
15607163
13854694
16559345
12950506
1143615
5909049
5519135
9767043
10244725
2202933
15208425
5394577
5604054
16618069
10959202
8907040
8809121
3657236
11394073
11980770
1738649
2565105
14355974
10291066
13717791
10834953
4633132
11105747
1110683
1666115
10027278
12938661
883975
5453751
328220
3635308
2889716
14788077
501039
1570440
16416127
7199438
9532448
5164441
2476176
10629384
4189061
1107637
5761353
1467471
16355682
5426357
8552430
7958932
14005655
13091712
15954557
12562873
14515343
2130465
7556114
5706117
13514125
8124228
15715954
5239007
4263352
10594479
296340
8101136
7515063
6236039
16746889
6428664
5707894
9398829
1363242
5773675
8010805
8496871
9418216
10826431
1902302
6055392
3838845
5935020
897774
13771374
8170435
14740753
7423791
12978488
3387308
6786794
3676060
16224090
6998357
15918340
282056
11273350
14039137
15426136
10415906
13726680
4081696
3743696
4726864
15831819
9040578
15737212
5829357
15526610
2086028
12025473
5866140
6777625
539179
2087480
516760
2504770
9018508
15745241
11006276
7895209
16204544
7069126
9953173
14772531
4456796
5539416
301414
8061469
4000382
16364377
3964426
3821535
13631480
5066437
11169945
754829
15738079
14113938
8085939
3879444
14924646
4439346
13005698
12087893
4123314
5992814
10868974
3913036
9526126
1855970
14607627
14421065
12076478
6300383
2913213
15792546
7973347
9466110
10169279
13880133
10521936
552116
13701112
7367195
1212431
3792259
6790718
7683444
11043152
6072588
2572125
14061143
1781094
2806102
7025472
11851795
16024314
610533
280532
12590907
13666325
15273198
8691004
14027769
16034187
4718360
6637959
15189389
16469908
14719606
15392011
7923901
5456087
6669381
7164443
9715504
14938310
8655328
7916195
182198
11312903
6194173
14569415
9645282
8557270
3140809
8615510
12637609
724594
11365574
455287
8028204
10328927
2419364
12359820
581494
15189980
16164384
8819912
15296123
6918145
1222416
6982028
3048325
10660108
15599945
4407818
4301815
2843388
5854666
15232555
3200839
7041780
14033625
2152976
1938974
13881334
9836836
7956999
1748368
7924337
251120
3485444
7310262
1537397
170354
14072614
15202337
2373077
16497432
9815288
12371229
4968255
15099214
5809800
16727076
9519418
5696143
13276794
4932998
13835566
13579311
14094504
8568553
4969187
12374813
11136216
10593062
15374746
15754801
16416861
2092464
8669328
9428524
4060776
14105073
12003819
2493825
335397
16027853
2143776
2093894
2576494
7309787
5827461
16019288
10552649
3839989
9391454
12010147
14169597
8462140
1287823
4209644
389086
2538229
6788695
13148159
15364219
1648979
3622850
10206800
12708382
9815980
3084038
13324630
12091915
5429383
5114331
15201950
14109972
7357324
4278478
294588
8310169
14599009
3403464
6287972
10732563
9307253
13601153
14707195
2603968
16049872
3313701
2148536
6984701
7180839
16012644
9518617
16648011
11099079
15279675
6512872
8240846
6127405
8525571
3580037
10778507
14455231
13298688
7511078
1569128
3700089
12802352
6829829
9722431
11256619
2866769
564261
6581542
16216205
11187985
14552862
14682691
4812379
8911846
16036370
5919263
10783852
14730640
8928531
13155279
12837625
7291702
14222034
6935205
1699375
3066126
15540797
1614458
1403272
8368850
1777393
4844540
3512453
2492854
8360915
6574262
536590
8308834
10989106
10765238
13794272
9373764
4166870
10611733
7994469
1040853
13426726
10927295
11976620
1815722
5603155
11042045
5417538
10009578
14259392
998034
5447503
15734624
4739738
11484181
3584131
2887843
10101055
9952398
14238531
7577030
15230377
2116387
15617737
10465227
6109047
6995687
10566677
551277
9827930
7455382
12360175
1839898
12830404
5767739
2798232
1024425
718755
4417656
9659241
1541928
11906993
10976817
9240082
5625408
14490232
3588361
6941973
8030650
9229479
7542584
3808947
1376670
12867206
11957429
5013645
16119176
1733536
7025357
1021988
5285981
12398968
3359403
14046849
11795233
1820227
6306123
15553908
14021509
11971814
15196873
2080812
11058688
9480025
11958216
13507892
4289117
10362019
152871
13515373
6075504
12021244
8456177
3320336
8024106
6631574
3811552
7534474
10985568
9064577
14591842
10631585
16546236
5387972
1195902
8159797
990903
5796464
14982017
8736995
9883160
14287800
1408415
8872401
9921108
6898314
3924552
2200311
13698350
5769472
9090337
13507987
12433227
10747712
5768196
3003546
5125861
1960664
9494682
9216381
14213756
14883208
4513160
11146251
3300453
15359937
6783805
3661252
10705187
16105338
9153987
16493237
9340148
3100199
8498181
2522797
15115132
5183910
1545537
8579944
1034060
4257213
12629579
3461236
2491676
309133
8161680
16018787
8558514
11369421
1338774
6572089
16432391
2115878
8487425
14123540
15096516
9792273
10008015
5292177
7460676
2233568
4937414
3981491
5745733
5415251
5981350
8928692
13803742
4561671
1666789
13840560
15261901
16498297
9589843
8913643
11228950
6457598
3140865
2124061
14796986
13398564
7439235
1501237
9413064
2457656
16289388
1439983
13085234
327324
7098774
4142261
13881516
16402009
5104524
2922855
14075814
13693220
381441
509955
305799
5485932
3402753
3148129
1021858
10512753
3099899
3346899
14410992
10826914
8221837
9108959
8852037
5002085
7966530
2768149
15798974
6267770
317505
741788
1779790
176063
5809703
1837324
8650430
16020163
5831136
2984685
6592262
684527
16625836
16453739
655312
4270181
5926392
4320445
646129
3183279
8669660
14726156
15850240
14138467
2023858
7640315
12847770
5882015
3726377
9077821
10698685
4398829
5230031
14526518
3782236
10457466
5171466
10082624
3396038
11585806
4028623
6830011
9830778
6897701
6159243
2380033
9833455
8288961
8924864
945414
3551858
1760562
7706650
11804044
16125522
12860145
9922734
10457793
454617
6447377
15599418
15365459
9806345
3821381
11362612
10932537
2323104
10504344
8082544
592853
5202970
15676201
13584170
7463282
5021217
9391616
6374925
10305189
16457885
12490485
7398113
11245513
654540
3435034
4615717
11311209
4255433
14164402
3020287
1504338
1777621
889561
6537314
684245
16094706
8720726
13050205
1205460
9752506
10397147
8475639
13485623
6236977
1107691
15601657
12718500
6478588
13014827
10364010
1503890
6729387
12127629
5769579
8088618
2433007
11359705
12697461
14848998
13940538
14277805
1614300
16237414
7515636
13820317
776626
5891230
16511604
8681342
3899646
12410931
3967490
7587372
11321183
16307905
8808132
9755906
781569
8689827
10011084
6199924
4751838
9669094
5897377
10091925
9693686
4745007
12322929
8862554
10460739
207229
3005319
15129714
8630706
15228956
13637384
12272442
9086111
9823860
3710666
15574292
10505107
13655243
7437027
5748932
10560330
4756688
10964453
4206048
12386104
3596878
2775787
6035826
836835
6847283
15752025
10527496
3883168
15083022
13700330
16694574
9841479
8722413
13808827
4392460
14387107
8822982
15143723
11016813
1416505
11797654
14493203
7655375
16468055
3890596
870969
4303704
16521206
3847881
10877472
3232931
15004999
10592475
9612843
1187379
770416
13148679
6281372
7047992
7510017
13049463
12070481
8590520
11604853
4076614
7039783
7112937
14426107
8374194
7177631
13303683
1860460
12471364
10176746
5596985
1444676
3289769
12778924
236614
7972345
11148841
5050514
10049538
13598721
11128229
1073586
739052
6977844
9109626
3108797
7171902
15749425
16280800
7616086
9742173
6069174
10244339
9772670
858823
15449267
12144377
1804963
11751169
14615097
1279567
6720770
5792275
3666955
6451696
10380811
10523328
243968
6920589
5318921
7985469
14988514
7077878
4388564
14178207
16558545
8599224
12695607
1422434
2251197
2537685
6304703
3645865
10828455
4233929
3492847
2333088
4382442
887370
2204502
7765585
5670129
8694181
13486787
12300744
14506772
5637899
16345770
6970617
4694151
6200515
16380702
15272197
6577801
3480019
9544943
4133321
8988952
962703
10031686
1938058
7507878
208701
11293892
5216383
3981395
4746256
9859652
856983
5418593
1384116
9174927
7878256
15129206
15238103
5355748
9296854
13036664
9132108
10236605
4838482
4365974
11333329
15472978
7504489
10566456
13454026
11719242
3297808
2035528
3770620
13783428
9101478
5165915
11637420
2957163
8859719
10882032
15504785
16315388
13382882
315126
9850998
1697210
5321879
8980081
8558509
3110410
15513912
15741181
13107738
5844147
13936513
4097153
6442501
9101865
15731648
5581132
10381502
15280877
4355054
1093446
1450930
7529863
14386970
4048823
10641837
15730661
2935317
3166106
14687648
16201574
3021750
3253283
16590536
16398516
5107947
11313299
13775277
4067427
12606421
16532754
1910840
13104020
10332869
13589916
2165247
8687430
8994203
7029176
2137775
7689600
14089052
16735450
11173037
15040635
14456876
11354109
5903117
3826918
8992474
1237521
15430956
5244097
2331192
15598198
7038376
1317799
1051429
9281996
5550759
4328255
5446126
8502730
1727760
9441882
3583499
5056512
5804989
16677512
2428843
14868614
2650506
11486759
13665406
8978670
1322424
4996029
11538029
15162323
12085287
3523080
4288651
5676660
5972679
9314900
241249
2051859
14114213
1618917
12942655
5341067
9834566
4448944
6274946
12499933
12852994
12100947
8050973
3578688
8455080
14807334
16403374
3578703
8985333
6303579
16513359
16284615
3811836
16333435
8401194
11227452
3593524
1085471
2251089
15585786
10806193
1977995
448497
13045032
13799854
3082438
9081890
8688890
4098965
6851877
976323
4336797
11987887
10082676
9866701
2227497
14063006
12766409
11527774
12592569
8927770
12193992
15732049
11523391
12398475
13158987
6266580
15787160
9109392
14037917
16220339
9025460
14828267
3127316
9909334
12245360
5190360
7668099
5484112
7526967
7249296
13302534
5664892
15284469
16247109
13715902
4444194
9897085
2235136
15780523
7618139
12592113
10738287
9692203
12451634
9255688
8253165
10224076
13958508
6131360
5657101
11235559
14675653
10388035
8496698
824315
15693979
16765868
356915
16548114
508048
13691283
1317293
14128204
5517696
14672486
796107
13777556
12989573
7129517
16212671
2662577
12075286
5434154
3526795
4548651
303229
16501985
4581546
11197756
10047728
13652061
3385145
12990132
9434446
3339161
12505402
4288966
8462676
9074204
15575180
12165122
2924699
4870859
9537131
10794020
569878
15715845
11365484
8303385
3101674
1361305
1480547
5886087
15693246
16461845
6384873
12421428
14197572
1783509
2097370
1104156
16119754
11482408
13109680
13354603
2164473
13927089
7069287
3321230
10948742
11787011
5657665
14222422
11933128
5782599
6204378
13574790
336481
13385071
13873348
5534860
4769278
6807111
2593566
2373820
14282285
4170593
14845115
5138520
2043341
7281016
13486251
1247939
6507830
4555432
4819554
15874683
13931649
5967694
7188007
8937505
3248539
749596
16051464
1529699
7385017
348757
16209965
5999572
8875731
12334542
5509164
11325350
13934930
7242149
10758609
6185953
14491092
11828276
2805936
9961511
10466367
12927008
15367668
11843329
12382642
14128838
15281380
8022715
6352858
13181876
9227229
437526
2933572
14293014
11701694
7657898
8479489
16122979
13064766
915057
8616851
3396816
12740870
9328624
8225161
9883199
3172638
5215647
15505059
3403945
4891076
3958666
10360905
10200355
2539705
485049
12368234
15037364
13560248
15806145
2307423
377961
248043
3624689
8677230
899607
6911026
15865015
9497562
6426688
6599202
13383269
1213930
13489061
1214474
8877350
16585602
15583742
15978095
16553433
8236027
8035404
4582411
11317924
3149526
10961941
3014335
11368826
868514
457183
15517339
13827652
15022844
11324905
5115336
8872251
15472935
12861231
5134063
11184888
652999
4610896
12384176
8675056
13872051
4208632
5499790
2413200
1451908
13543142
9466631
2505157
326550
15389843
2664317
12415401
16567218
16300543
12227860
4077088
9381411
16044016
6161620
15396723
10257760
12378219
13246724
3696797
9889936
5176795
6721805
14894494
15798089
9443794
11073293
143918
12884162
10302192
4267223
7253084
11225450
8852941
16592393
5155591
8707188
13101917
7964354
5885373
14938936
3650462
4564888
12867948
5893033
5306570
11101560
1446740
9782048
6150551
9725017
11639039
3628229
13734780
9708534
9805943
15553667
9454610
5866300
5672622
15686226
10300968
15310691
260862
12115666
7972636
502920
8416465
11383752
8150896
8651772
15614926
15258112
7088545
13872785
2237089
13597770
7214975
9143231
12857374
11554282
7396419
2574260
12605858
13818824
5319638
11964217
14398410
13693931
4741548
3309220
4184847
10246258
3737260
2586164
3439753
6933317
3750279
12025744
1974010
16592865
7207661
15647639
1047921
1235594
16149216
8305198
9690659
7821543
15229268
10634569
14997911
1257901
5957168
4584005
2688827
15038578
7026317
6389329
14482481
5663220
1274567
8984995
421790
6387056
3634677
3096348
12491787
16357988
1603274
6234164
5766941
7956763
14213078
3362067
12044223
9857256
1111196
617500
1437197
15624854
5455286
10248302
8906607
13580745
8319944
11297157
2028564
4531803
7375517
10767477
10412153
7178428
2662220
13125396
6553070
10965829
2533606
15852555
9713389
14233622
11951721
8907161
13379511
7006405
3572355
5773774
14002224
15912044
6494393
2729736
15290579
10255119
9081915
5634185
14567835
1868855
16298452
16776776
2401824
5854151
3667928
7429726
5059963
11486390
7705642
7759582
15529593
1818369
3605703
10805851
2965576
8322738
581222
8653059
12487996
11703826
10457633
9959890
7475061
5674837
4813309
15987765
16491995
8278805
4376733
7032900
1194675
7215797
1097022
8890309
12669726
2615698
4146788
807451
7462906
6768469
5416587
10430079
7793720
8667703
8657472
16132121
15811144
8504107
5011968
15819745
7452988
2394371
13618987
4968100
1157721
15021176
1648199
15507201
7450648
11501285
2778292
12882402
5886027
2757111
14250187
2372772
10656435
10400029
9937973
1443031
10523773
12076987
9114899
2922393
16315970
9689704
4638297
9209682
3849603
7259966
9043568
13530070
2442104
6865748
1888236
11246600
13029526
7127790
849614
3507827
218795
1751202
4485235
9678225
16181588
4107982
10961110
1468937
9535109
12197943
1736840
11366054
1029421
6957413
4759324
9731197
8589156
1627763
6914416
2473827
5203546
14068123
16598434
8919241
3344640
16437092
16298740
15724245
8098234
14235584
4660831
6792393
9839479
13498558
14972900
4410796
7699059
4821333
10069260
354463
13998166
15371022
6149472
2511956
10309038
12771538
4942322
8309431
10056641
2087420
1170491
16194624
802893
2206740
263924
9789679
13508944
11093286
9682840
3971518
14114809
2475411
7142804
10046721
10305476
9645163
14237478
14672146
12007519
11527710
16355370
13012905
7704099
5422101
319237
13029164
14101759
1121846
472078
12346267
11205741
8980185
8661696
13085632
8820577
9340870
15840752
1591000
14979438
2110733
14808175
14534685
7428369
756306
5870868
16391784
11267800
1610241
3613798
8108907
6660157
3972446
13137335
7722502
13616190
4649462
12730745
3582665
6233427
3915297
972373
3474127
16218375
8670339
154961
2820335
5429109
706376
8482570
16278904
10140927
620786
13468618
7366334
10104099
2654941
6933966
10464801
14124692
5880688
5320667
15944565
1924606
11380760
187840
4168004
2510186
10961785
12360699
14653663
4733423
589869
6361934
2712282
8456024
7855481
16451466
8502611
13123998
2598613
1241689
1745465
15570283
3664648
14237236
4121265
7119757
15844531
14913332
15460025
5629455
11810471
6410694
12740433
16257205
13843275
2066072
8577705
7543033
8284531
10652289
604937
15360770
6980522
767076
6985647
7563500
14273206
4429135
3291194
15368071
15104633
8498262
16174337
16418547
6062786
14281450
9256463
8240585
1047967
16163704
2760106
13986353
2284546
5262953
3518160
15428858
9967898
5248140
11608639
3759845
6942384
1774897
14680723
10801032
7932487
10482977
15441716
10114737
7849236
9481665
8608779
5510348
12032572
15518869
6567488
6169554
13129664
3378779
3242696
13203529
8468835
13658568
12050158
2711636
2278073
2480134
10290109
6733123
9428989
15486887
7364577
10308078
5817827
15830496
4187718
441632
8323268
1260645
4073433
5231249
10486975
246848
12689800
11841108
3069008
15821446
12073725
3575125
12618432
1810082
16210802
5056848
3992933
5199498
7499399
10090202
13818692
11097818
16259114
13615167
8675305
10678122
8577604
7528373
1131916
10345358
6549046
15941097
11062681
6103977
6786327
6911756
13129373
16439142
774437
7229355
16672056
14792745
1427171
5151480
14095490
7284225
7371283
13270483
9390682
13189526
11010061
9874379
12136402
11198234
9179837
5629234
8058239
13956233
16337929
10168025
231912
7877600
5477772
4269152
13624741
9161783
11602438
11519195
1462202
15556098
5395021
11296358
12023293
7881428
2018376
14729091
14252729
9032545
7976170
5248077
15520756
7832181
4826170
932210
11324074
7066861
15681784
8447572
12118838
12357797
2633410
5409555
15416541
5325469
4915796
2755900
14788309
10191461
13246948
5271171
5351096
9396754
1970350
10586999
11346000
8274405
12890686
8563750
13003513
10811592
3469634
14071206
9780876
15063709
11332724
1245434
8077983
12107370
1707915
2736426
4710535
12360715
13898756
13729616
12829667
12828460
12784455
5211975
6617304
11579092
14040739
13410809
13873973
15976900
7600011
4692621
11466940
15856518
9615519
10793364
5454749
4552666
12596278
11414531
9605837
1387946
8799323
4518663
11595129
3130258
13607067
3083491
7157530
7575919
4389999
14573007
7853045
14184462
9454488
10180926
9941956
2823596
14714229
16273465
13964092
1625710
8520447
3540845
15867602
2361189
16077333
4579103
8016567
2858067
5575043
16693166
10458980
10028954
7668052
7599699
1488991
2153553
2234383
9023156
11372018
16730024
6968506
11503166
15690616
6921304
9135296
9954729
11848900
746453
3465557
6910690
11171502
4694411
7530321
821587
12440401
4265838
1799209
3530710
10449659
5497986
2584657
1319398
6455463
7401744
12724246
511052
5154376
11054193
4228576
2944052
12653208
508266
417987
12106194
15282730
13822771
6106697
11906234
13256904
